Clustering:  0.47833333333333333
SVM:  0.6466666666666667
Deepnet:  0.7966666666666665
