Clustering:  0.544
SVM:  0.6980000000000001
Deepnet:  0.8280000000000001
