Clustering:  0.3344444444444445
SVM:  0.49
Deepnet:  0.6211111111111111
