Clustering:  0.37625000000000003
SVM:  0.5137499999999999
Deepnet:  0.655
