Clustering:  0.6533333333333333
SVM:  0.8566666666666666
Deepnet:  0.96
