Clustering:  0.4442857142857143
SVM:  0.5428571428571428
Deepnet:  0.7228571428571428
