Clustering:  0.62
SVM:  0.7699999999999999
Deepnet:  0.9299999999999999
