Clustering:  0.5125000000000001
SVM:  0.6175
Deepnet:  0.8300000000000001
